# started around 13:10, 11/10/2014...
                                     15
                           9434070, x   + 15 x + 14

                            [2599383, 42909197, 0]

                            [2599384, 42909221, 1]

                            [2599386, 42909259, 1]

                            [2599392, 42909341, 1]

                            [2599394, 42909379, 1]

                            [2599395, 42909397, 1]

                            [2599396, 42909401, 1]

                            [2599397, 42909457, 1]

                            [2599398, 42909463, 1]

                            [2599399, 42909469, 3]

                            [2599400, 42909499, 3]

                            [2599401, 42909511, 4]

                            [2599418, 42909817, 4]

                            [2599629, 42913529, 4]

                            [2599691, 42914581, 5]

                            [2599967, 42919483, 5]

                            [2600000, 42920191, 1]

                            [2600261, 42924631, 5]

                            [2600469, 42928141, 5]

                            [2600520, 42929143, 5]

                            [2600526, 42929273, 5]

                            [2600528, 42929281, 5]

                            [2600872, 42935339, 5]

                            [2601331, 42943189, 7]

                            [2605645, 43020031, 7]

                            [2610000, 43095979, 2]

                            [2618641, 43247863, 7]

                            [2620000, 43272461, 1]

                            [2628776, 43426091, 7]

                            [2630000, 43447373, 1]

                            [2638417, 43594883, 7]

                            [2640000, 43623149, 2]

                            [2647654, 43759229, 7]

                            [2648710, 43777457, 7]

                            [2649921, 43798717, 7]

                            [2650000, 43800299, 2]

                            [2660000, 43975717, 2]

                            [2665221, 44067677, 7]

                            [2666729, 44094563, 7]

                            [2668101, 44118883, 7]

                            [2670000, 44152781, 0]

                            [2680000, 44328307, 1]

                            [2690000, 44504843, 2]

                            [2700000, 44680319, 1]

                            [2710000, 44856223, 1]

                            [2718645, 45008407, 7]

                            [2720000, 45032437, 0]

                            [2730000, 45208589, 1]

                            [2739231, 45368777, 7]

                            [2739616, 45375871, 7]

                            [2740000, 45382451, 0]

                            [2745909, 45486029, 7]

                            [2747605, 45516319, 7]

                            [2749538, 45550231, 7]

                            [2750000, 45558553, 1]

                            [2760000, 45734873, 1]

                            [2767250, 45862627, 7]

                            [2770000, 45910519, 3]

                            [2776974, 46033913, 7]

                            [2780000, 46086977, 2]

                            [2790000, 46264321, 0]

                            [2800000, 46441207, 1]

                            [2800077, 46442569, 7]

                            [2804841, 46526639, 7]

                            [2810000, 46617629, 0]

                            [2820000, 46793869, 0]

                            [2827587, 46927709, 7]

                            [2830000, 46970699, 1]

                            [2840000, 47147459, 0]

                            [2841801, 47179373, 7]

                            [2850000, 47323781, 1]

                            [2859209, 47487113, 7]

                            [2860000, 47500631, 0]

                            [2870000, 47678909, 0]

                            [2880000, 47855287, 3]

                            [2881667, 47884301, 7]

                            [2890000, 48032629, 1]

                            [2890881, 48048703, 7]

                            [2900000, 48210713, 0]

                            [2901931, 48245459, 7]

                            [2904897, 48297649, 7]

                            [2910000, 48387587, 0]

                            [2913166, 48444079, 7]

                            [2920000, 48565117, 3]

                            [2924376, 48642799, 8]

                            [2930000, 48742583, 0]

                            [2940000, 48919771, 0]

                            [2950000, 49096849, 0]

                            [2953279, 49155121, 8]

                            [2960000, 49273369, 0]

                            [2970000, 49449973, 1]

                            [2980000, 49625413, 2]

                            [2990000, 49803113, 1]

                            [3000000, 49979687, 1]

                            [3010000, 50157469, 0]

                            [3020000, 50334653, 0]

                            [3030000, 50512543, 2]

                            [3040000, 50689711, 2]

                            [3050000, 50865901, 2]

                            [3060000, 51045011, 1]

                            [3070000, 51223189, 1]

                            [3080000, 51399079, 0]

                            [3090000, 51576911, 1]

                            [3100000, 51754979, 3]

                            [3110000, 51931669, 3]

                            [3120000, 52109297, 3]

                            [3130000, 52288217, 1]

                            [3140000, 52465823, 2]

                            [3150000, 52642813, 0]

                            [3160000, 52821053, 2]

                            [3170000, 52998997, 0]

                            [3180000, 53176147, 2]

                            [3190000, 53353733, 1]

                            [3199008, 53515639, 8]

                            [3200000, 53533511, 0]

                            [3210000, 53712287, 0]

                            [3220000, 53890303, 1]

                            [3230000, 54067997, 0]

                            [3240000, 54247099, 1]

                            [3250000, 54426161, 0]

                            [3260000, 54603763, 1]

                            [3270000, 54781847, 0]

                            [3270533, 54791549, 8]

                            [3280000, 54960821, 2]

                            [3290000, 55138051, 3]

                            [3300000, 55316903, 0]

                            [3310000, 55495103, 1]

                            [3320000, 55673921, 1]

                            [3330000, 55850953, 1]

                            [3340000, 56029619, 0]

                            [3350000, 56206459, 1]

                            [3360000, 56385781, 1]

                            [3370000, 56565121, 4]

                            [3380000, 56741677, 0]

                            [3390000, 56920313, 1]

                            [3400000, 57099299, 1]

                            [3410000, 57277679, 1]

                            [3420000, 57455569, 1]

                            [3430000, 57634697, 1]

                            [3440000, 57814247, 1]

                            [3450000, 57994003, 0]

                            [3460000, 58172341, 0]

                            [3470000, 58351411, 0]

                            [3475133, 58443131, 8]

                            [3480000, 58529869, 1]

                            [3490000, 58708801, 2]

                            [3500000, 58885999, 0]

                            [3510000, 59065777, 1]

                            [3520000, 59245871, 1]

                            [3530000, 59425397, 1]

                            [3540000, 59604253, 3]

                            [3549324, 59771081, 8]

                            [3550000, 59783117, 1]

                            [3560000, 59962193, 1]

                            [3570000, 60142067, 2]

                            [3580000, 60320353, 3]

                            [3590000, 60499081, 1]

                            [3600000, 60678089, 1]

                            [3610000, 60855709, 0]

                            [3620000, 61034903, 0]

                            [3630000, 61216163, 3]

                            [3632809, 61266643, 8]

                            [3640000, 61396507, 0]

                            [3650000, 61576259, 2]

                            [3660000, 61755787, 3]

                            [3670000, 61935439, 0]

                            [3680000, 62113993, 0]

                            [3690000, 62293981, 1]

                            [3700000, 62473031, 0]

                            [3710000, 62654173, 1]

                            [3720000, 62832617, 2]

                            [3730000, 63012197, 1]

                            [3740000, 63192419, 0]

                            [3750000, 63372143, 0]

                            [3760000, 63550631, 1]

                            [3770000, 63730747, 3]

                            [3780000, 63908567, 0]

                            [3790000, 64088461, 0]

                            [3800000, 64268779, 1]

                            [3810000, 64447727, 0]

                            [3820000, 64629377, 0]

                            [3830000, 64810483, 1]

                            [3840000, 64990087, 1]

                            [3850000, 65170099, 1]

                            [3853204, 65228287, 8]

                            [3860000, 65349961, 1]

                            [3870000, 65529251, 2]

                            [3880000, 65710093, 1]

                            [3890000, 65890477, 1]

                            [3900000, 66068881, 1]

                            [3910000, 66248297, 1]

                            [3917821, 66387721, 8]

                            [3920000, 66427649, 1]

                            [3930000, 66607439, 1]

                            [3940000, 66787447, 1]

                            [3950000, 66968579, 1]

                            [3960000, 67149517, 1]

                            [3970000, 67327783, 2]

                            [3980000, 67507481, 1]

                            [3990000, 67687901, 3]

                            [4000000, 67867967, 1]

                            [4010000, 68048107, 2]

                            [4020000, 68228761, 1]

                            [4030000, 68409739, 0]

                            [4040000, 68590157, 2]

                            [4041131, 68610517, 8]

                            [4050000, 68770957, 0]

                            [4060000, 68952379, 3]

                            [4070000, 69132307, 1]

                            [4080000, 69314281, 5]

                            [4090000, 69492953, 1]

                            [4100000, 69672821, 0]

                            [4105367, 69769169, 8]

                            [4110000, 69852799, 1]

                            [4118859, 70014509, 8]

                            [4120000, 70035269, 1]

                            [4130000, 70216483, 2]

                            [4140000, 70396223, 2]

                            [4140172, 70399169, 8]

                            [4150000, 70575433, 0]

                            [4160000, 70756813, 2]

                            [4170000, 70938893, 1]

                            [4180000, 71120039, 3]

                            [4190000, 71300507, 0]

                            [4200000, 71480051, 1]

                            [4208421, 71631719, 8]

                            [4210000, 71660441, 1]

                            [4220000, 71843141, 0]

                            [4230000, 72024467, 1]

                            [4240000, 72203039, 2]

                            [4250000, 72383183, 0]

                            [4260000, 72563737, 2]

                            [4270000, 72745951, 2]

                            [4280000, 72926759, 0]

                            [4290000, 73107263, 1]

                            [4300000, 73289701, 0]

                            [4310000, 73471247, 1]

                            [4320000, 73651651, 1]

                            [4330000, 73832201, 1]

                            [4340000, 74013593, 0]

                            [4350000, 74196623, 0]

                            [4360000, 74377691, 1]

                            [4370000, 74559769, 4]

                            [4380000, 74740741, 0]

                            [4390000, 74921767, 2]

                            [4400000, 75103493, 0]

                            [4410000, 75283963, 0]

                            [4420000, 75464023, 2]

                            [4430000, 75646033, 2]

                            [4440000, 75827221, 3]

                            [4441155, 75847477, 8]

                            [4450000, 76006993, 1]

                            [4460000, 76188877, 0]

                            [4470000, 76371539, 1]

                            [4480000, 76553579, 0]

                            [4490000, 76736867, 2]

                            [4500000, 76918253, 0]

                            [4510000, 77099119, 2]

                            [4520000, 77280431, 2]

                            [4530000, 77463121, 0]

                            [4540000, 77644807, 0]

                            [4550000, 77826919, 1]

                            [4560000, 78008141, 3]

                            [4570000, 78189217, 1]

                            [4580000, 78372713, 1]

                            [4590000, 78554929, 2]

                            [4600000, 78736451, 2]

                            [4610000, 78918629, 0]

                            [4620000, 79100321, 2]

                            [4630000, 79282783, 0]

                            [4640000, 79464389, 3]

                            [4650000, 79645801, 1]

                            [4660000, 79828901, 0]

                            [4670000, 80011901, 3]

                            [4680000, 80194189, 1]

                            [4690000, 80375531, 1]

                            [4691230, 80397509, 8]

                            [4700000, 80556703, 1]

                            [4710000, 80739319, 1]

                            [4720000, 80919893, 0]

                            [4730000, 81099919, 0]

                            [4740000, 81281591, 0]

                            [4750000, 81463271, 0]

                            [4760000, 81646247, 0]

                            [4770000, 81829159, 1]

                            [4780000, 82010281, 0]

                            [4790000, 82192147, 1]

                            [4800000, 82376219, 0]

                            [4810000, 82558691, 1]

                            [4820000, 82740149, 0]

                            [4830000, 82921429, 1]

                            [4840000, 83104223, 1]

                            [4850000, 83287993, 1]

                            [4859525, 83462051, 8]

                            [4860000, 83470747, 2]

                            [4870000, 83654023, 0]

                            [4880000, 83835217, 0]

                            [4890000, 84016061, 1]

                            [4900000, 84200279, 1]

                            [4910000, 84382811, 2]

                            [4920000, 84565289, 1]

                            [4930000, 84748627, 0]

                            [4940000, 84932411, 2]

                            [4950000, 85115477, 0]

                            [4960000, 85298659, 2]

                            [4970000, 85479397, 1]

                            [4980000, 85662001, 2]

                            [4990000, 85845167, 2]

                            [5000000, 86028121, 1]

                            [5010000, 86210609, 0]

                            [5020000, 86393719, 0]

                            [5030000, 86575661, 1]

                            [5040000, 86759009, 0]

                            [5050000, 86941487, 1]

                            [5060000, 87124879, 2]

                            [5064131, 87200119, 8]

                            [5070000, 87307133, 0]

                            [5080000, 87491587, 2]

                            [5090000, 87674009, 0]

                            [5100000, 87857527, 0]

                            [5110000, 88039297, 1]

                            [5120000, 88221797, 0]

                            [5130000, 88403993, 1]

                            [5140000, 88589323, 2]

                            [5150000, 88771831, 0]

                            [5160000, 88952837, 1]

                            [5170000, 89136779, 0]

                            [5180000, 89319007, 1]

                            [5190000, 89503093, 1]

                            [5200000, 89687683, 0]

                            [5210000, 89871989, 1]

                            [5214576, 89956709, 8]

                            [5220000, 90055529, 1]

                            [5224834, 90143303, 8]

                            [5230000, 90237611, 0]

                            [5232527, 90283861, 9]

                            [5240000, 90419633, 0]

                            [5250000, 90603113, 2]

                            [5260000, 90786463, 1]

                            [5270000, 90968743, 2]

                            [5280000, 91153037, 2]

                            [5290000, 91334827, 2]

                            [5300000, 91519063, 1]

                            [5310000, 91701469, 0]

                            [5320000, 91886161, 1]

                            [5330000, 92069293, 2]

                            [5340000, 92252737, 2]

                            [5350000, 92436787, 2]

                            [5360000, 92620249, 1]

                            [5370000, 92803147, 0]

                            [5380000, 92986951, 3]

                            [5390000, 93171787, 1]

                            [5400000, 93354673, 0]

                            [5410000, 93538153, 4]

                            [5420000, 93723103, 2]

                            [5430000, 93905743, 0]

                            [5440000, 94088311, 0]

                            [5450000, 94272757, 1]

                            [5460000, 94456987, 1]

                            [5470000, 94640081, 2]

                            [5480000, 94823191, 1]

                            [5490000, 95004631, 3]

                            [5500000, 95189089, 0]

                            [5510000, 95373319, 1]

                            [5520000, 95554957, 0]

                            [5530000, 95740759, 0]

                            [5540000, 95923337, 0]

                            [5550000, 96107399, 2]

                            [5560000, 96292193, 3]

                            [5570000, 96476273, 1]

                            [5580000, 96659053, 1]

                            [5590000, 96842773, 1]

                            [5600000, 97026233, 4]

                            [5610000, 97212469, 2]

                            [5620000, 97395719, 0]

                            [5630000, 97577189, 0]

                            [5640000, 97761553, 2]

                            [5650000, 97944383, 3]

                            [5660000, 98130377, 2]

                            [5670000, 98314369, 1]

                            [5680000, 98498399, 1]

                            [5690000, 98681533, 0]

                            [5700000, 98866927, 1]

                            [5710000, 99051691, 1]

                            [5720000, 99236807, 1]

                            [5730000, 99421969, 1]

                            [5740000, 99605141, 2]

                            [5750000, 99789631, 1]

                            [5760000, 99973217, 0]

                            [5770000, 100157399, 2]

                            [5780000, 100341119, 1]

                            [5790000, 100526039, 0]

                            [5800000, 100711433, 0]

                            [5810000, 100896727, 1]

                            [5820000, 101079019, 1]

                            [5830000, 101262947, 0]

                            [5840000, 101447587, 2]

                            [5850000, 101631949, 0]

                            [5860000, 101816761, 0]

                            [5870000, 102000401, 1]

                            [5880000, 102183859, 0]

                            [5890000, 102366881, 1]

                            [5900000, 102551567, 2]

                            [5910000, 102735847, 1]

                            [5920000, 102920243, 0]

                            [5930000, 103104737, 3]

                            [5940000, 103290611, 2]

                            [5950000, 103473871, 1]

                            [5960000, 103660537, 0]

                            [5970000, 103845031, 2]

                            [5980000, 104027999, 1]

                            [5990000, 104211391, 0]

                            [6000000, 104395301, 1]

                            [6010000, 104580079, 1]

                            [6020000, 104765467, 2]

                            [6030000, 104950291, 0]

                            [6040000, 105134417, 1]

                            [6050000, 105319667, 2]

                            [6060000, 105504583, 2]

                            [6070000, 105690281, 0]

                            [6080000, 105874319, 2]

                            [6090000, 106059769, 2]

                            [6100000, 106244933, 0]

                            [6110000, 106429907, 1]

                            [6120000, 106613789, 0]

                            [6130000, 106800047, 1]

                            [6140000, 106984609, 0]

                            [6150000, 107168773, 0]

                            [6160000, 107352437, 0]

                            [6170000, 107537753, 0]

                            [6180000, 107721377, 0]

                            [6190000, 107906759, 0]

                            [6200000, 108092981, 1]

                            [6210000, 108276907, 2]

                            [6220000, 108460201, 0]

                            [6230000, 108644279, 4]

                            [6240000, 108829051, 0]

                            [6250000, 109015537, 1]

                            [6260000, 109200127, 2]

                            [6270000, 109385623, 2]

                            [6274949, 109476509, 9]

                            [6280000, 109569353, 1]

                            [6290000, 109754893, 0]

                            [6291794, 109787203, 9]

                            [6300000, 109938667, 2]

                            [6310000, 110122429, 0]

                            [6320000, 110309813, 2]

                            [6330000, 110495741, 1]

                            [6340000, 110681503, 0]

                            [6350000, 110867297, 2]

                            [6360000, 111051307, 1]

                            [6370000, 111236747, 2]

                            [6380000, 111422867, 0]

                            [6390000, 111609977, 0]

                            [6400000, 111794857, 1]

                            [6410000, 111980501, 0]

                            [6420000, 112164329, 1]

                            [6430000, 112348459, 0]

                            [6440000, 112536233, 1]

                            [6450000, 112720691, 1]

                            [6460000, 112905607, 2]

                            [6470000, 113091263, 0]

                            [6480000, 113276017, 0]

                            [6490000, 113462443, 0]

                            [6500000, 113648393, 0]

                            [6510000, 113834531, 0]

                            [6520000, 114021209, 3]

                            [6530000, 114206749, 0]

                            [6540000, 114391469, 1]

                            [6550000, 114579827, 0]

                            [6560000, 114764831, 2]

                            [6570000, 114950543, 1]

                            [6580000, 115136221, 1]

                            [6590000, 115321441, 0]

                            [6600000, 115507867, 2]

                            [6610000, 115693723, 2]

                            [6620000, 115879873, 0]

                            [6630000, 116063177, 2]

                            [6640000, 116248603, 0]

                            [6650000, 116433643, 0]

                            [6660000, 116619509, 1]

                            [6670000, 116806343, 0]

                            [6680000, 116991947, 1]

                            [6690000, 117177839, 2]

                            [6700000, 117363991, 0]

                            [6710000, 117550267, 1]

                            [6720000, 117736139, 1]

                            [6730000, 117921191, 2]

                            [6740000, 118106977, 1]

                            [6750000, 118292599, 3]

                            [6760000, 118478447, 0]

                            [6770000, 118665367, 2]

                            [6780000, 118851781, 0]

                            [6790000, 119038883, 1]

                            [6800000, 119227007, 3]

                            [6810000, 119412011, 0]

                            [6820000, 119597983, 0]

                            [6830000, 119784559, 0]

                            [6840000, 119969497, 1]

                            [6850000, 120154571, 3]

                            [6860000, 120340933, 0]

                            [6870000, 120528061, 2]

                            [6880000, 120714247, 1]

                            [6890000, 120902179, 0]

                            [6900000, 121086457, 0]

                            [6910000, 121272653, 0]

                            [6920000, 121458917, 1]

                            [6930000, 121645913, 0]

                            [6940000, 121832719, 0]

                            [6950000, 122017249, 0]

                            [6960000, 122204171, 1]

                            [6970000, 122391263, 1]

                            [6980000, 122579573, 0]

                            [6990000, 122764307, 0]

                            [7000000, 122949823, 1]

                            [7010000, 123136367, 0]

                            [7020000, 123322127, 1]

                            [7030000, 123508543, 2]

                            [7040000, 123694457, 3]

                            [7050000, 123879683, 1]

                            [7060000, 124066171, 0]

                            [7070000, 124252097, 0]

                            [7080000, 124437721, 0]

                            [7090000, 124624813, 3]

                            [7100000, 124811173, 2]

                            [7110000, 124997519, 1]

                            [7120000, 125184229, 0]

                            [7130000, 125369977, 2]

                            [7140000, 125557357, 0]

                            [7150000, 125743979, 1]

                            [7160000, 125928997, 1]

                            [7170000, 126114949, 1]

                            [7180000, 126301393, 2]

                            [7190000, 126487477, 0]

                            [7200000, 126673973, 0]

                            [7210000, 126860969, 1]

                            [7220000, 127047049, 3]

                            [7230000, 127233893, 0]

                            [7240000, 127421453, 2]

                            [7250000, 127608343, 1]

                            [7260000, 127795039, 3]

                            [7270000, 127981297, 2]

                            [7280000, 128167129, 2]

                            [7290000, 128355277, 0]

                            [7300000, 128541799, 1]

                            [7310000, 128726963, 1]

                            [7320000, 128912369, 3]

                            [7330000, 129099899, 1]

                            [7340000, 129286259, 0]

                            [7350000, 129471607, 1]

                            [7360000, 129658481, 2]

                            [7370000, 129845279, 0]

                            [7380000, 130034129, 2]

                            [7390000, 130221737, 2]

                            [7400000, 130408841, 3]

                            [7410000, 130596437, 0]

                            [7420000, 130782101, 1]

                            [7430000, 130968683, 1]

                            [7440000, 131154263, 0]

                            [7450000, 131342021, 0]

                            [7460000, 131528557, 1]

                            [7470000, 131714423, 2]

                            [7480000, 131902843, 1]

                            [7490000, 132090913, 0]

                            [7500000, 132276691, 2]

                            [7510000, 132464621, 0]

                            [7520000, 132652393, 0]

                            [7530000, 132839321, 1]

                            [7540000, 133026143, 1]

                            [7550000, 133212811, 2]

                            [7560000, 133400789, 0]

                            [7570000, 133588361, 0]

                            [7580000, 133776389, 1]

                            [7590000, 133964317, 0]

                            [7600000, 134150999, 1]

                            [7610000, 134337293, 1]

                            [7620000, 134524001, 1]

                            [7630000, 134712323, 2]

                            [7640000, 134898031, 3]

                            [7650000, 135084239, 0]

                            [7660000, 135272149, 1]

                            [7670000, 135459169, 3]

                            [7680000, 135648047, 0]

                            [7690000, 135836021, 0]

                            [7700000, 136023761, 1]

                            [7710000, 136211611, 2]

                            [7720000, 136398467, 0]

                            [7730000, 136583869, 2]

                            [7740000, 136769863, 0]

                            [7750000, 136958221, 2]

                            [7760000, 137145893, 2]

                            [7770000, 137334563, 1]

                            [7780000, 137519731, 1]

                            [7790000, 137707901, 1]

                            [7800000, 137896249, 2]

                            [7810000, 138084841, 2]

                            [7820000, 138274249, 2]

                            [7830000, 138460013, 0]

                            [7840000, 138648551, 1]

                            [7850000, 138836123, 0]

                            [7860000, 139022017, 1]

                            [7870000, 139211143, 0]

                            [7880000, 139398047, 1]

                            [7890000, 139585177, 0]

                            [7900000, 139772287, 1]

                            [7910000, 139958549, 0]

                            [7920000, 140146663, 0]

                            [7930000, 140334289, 1]

                            [7940000, 140522773, 2]

                            [7950000, 140709941, 3]

                            [7960000, 140900671, 2]

                            [7970000, 141088513, 1]

                            [7980000, 141276353, 1]

                            [7990000, 141463039, 1]

                            [8000000, 141650939, 2]

                            [8010000, 141839407, 0]

                            [8020000, 142025071, 0]

                            [8030000, 142211753, 0]

                            [8040000, 142398143, 2]

                            [8050000, 142587019, 1]

                            [8060000, 142774459, 1]

                            [8070000, 142961603, 0]

                            [8080000, 143148659, 1]

                            [8090000, 143336077, 2]

                            [8100000, 143522927, 1]

                            [8110000, 143711339, 1]

                            [8120000, 143898211, 1]

                            [8130000, 144086777, 2]

                            [8140000, 144273377, 0]

                            [8150000, 144459697, 1]

                            [8160000, 144648619, 1]

                            [8170000, 144837529, 5]

                            [8180000, 145025801, 2]

                            [8190000, 145216033, 3]

                            [8200000, 145403459, 0]

                            [8210000, 145591921, 1]

                            [8220000, 145779157, 1]

                            [8230000, 145967123, 3]

                            [8240000, 146153741, 2]

                            [8250000, 146341381, 2]

                            [8260000, 146529913, 0]

                            [8270000, 146717573, 0]

                            [8280000, 146905783, 1]

                            [8290000, 147091517, 1]

                            [8300000, 147281009, 0]

                            [8310000, 147469891, 2]

                            [8320000, 147656599, 2]

                            [8330000, 147846107, 2]

                            [8340000, 148033547, 2]

                            [8350000, 148221737, 0]

                            [8360000, 148409747, 2]

                            [8370000, 148598113, 0]

                            [8380000, 148785817, 1]

                            [8390000, 148974373, 0]

                            [8400000, 149163283, 2]

                            [8410000, 149351177, 0]

                            [8420000, 149540663, 1]

                            [8430000, 149727803, 0]

                            [8440000, 149916719, 0]

                            [8450000, 150104989, 0]

                            [8460000, 150293809, 0]

                            [8470000, 150482251, 2]

                            [8480000, 150671107, 2]

                            [8490000, 150858997, 0]

                            [8500000, 151048969, 1]

                            [8510000, 151236581, 2]

                            [8520000, 151426369, 4]

                            [8530000, 151614293, 0]

                            [8540000, 151803383, 0]

                            [8550000, 151991471, 1]

                            [8560000, 152181581, 2]

                            [8570000, 152370689, 0]

                            [8580000, 152559613, 0]

                            [8590000, 152746409, 1]

                            [8600000, 152935933, 0]

                            [8610000, 153122509, 1]

                            [8620000, 153311329, 1]

                            [8630000, 153500513, 1]

                            [8640000, 153688727, 0]

                            [8650000, 153876011, 2]

                            [8660000, 154065599, 2]

                            [8670000, 154254251, 2]

                            [8680000, 154442903, 2]

                            [8690000, 154630583, 3]

                            [8700000, 154819699, 0]

                            [8710000, 155008663, 0]

                            [8718064, 155159999, 9]

                            [8720000, 155196901, 0]

                            [8730000, 155386247, 1]

                            [8740000, 155574253, 0]

                            [8750000, 155763373, 0]

                            [8760000, 155949877, 0]

                            [8770000, 156137981, 0]

                            [8780000, 156326603, 1]

                            [8790000, 156515323, 1]

                            [8800000, 156704111, 3]

                            [8810000, 156892727, 0]

                            [8820000, 157081919, 1]

                            [8830000, 157270699, 2]

                            [8840000, 157459649, 1]

                            [8850000, 157648193, 1]

                            [8860000, 157837363, 0]

                            [8870000, 158026279, 2]

                            [8880000, 158214961, 0]

                            [8890000, 158403809, 2]

                            [8900000, 158594203, 0]

                            [8910000, 158784601, 1]

                            [8920000, 158972833, 2]

                            [8930000, 159160633, 0]

                            [8940000, 159349669, 1]

                            [8950000, 159538627, 1]

                            [8960000, 159728521, 1]

                            [8970000, 159916153, 1]

                            [8980000, 160104383, 1]

                            [8990000, 160293013, 2]

                            [9000000, 160481183, 0]

                            [9010000, 160670711, 1]

                            [9020000, 160858147, 2]

                            [9024403, 160941331, 9]

                            [9030000, 161046689, 1]

                            [9040000, 161236087, 1]

                            [9050000, 161427493, 0]

                            [9060000, 161616209, 2]

                            [9070000, 161805937, 3]

                            [9080000, 161995759, 2]

                            [9090000, 162184571, 0]

                            [9100000, 162373313, 2]

                            [9110000, 162562969, 4]

                            [9120000, 162752137, 1]

                            [9130000, 162940139, 2]

                            [9140000, 163129699, 0]

                            [9150000, 163318213, 1]

                            [9160000, 163506407, 0]

                            [9170000, 163694227, 0]

                            [9180000, 163882687, 1]

                            [9190000, 164072369, 3]

                            [9200000, 164263003, 1]

                            [9210000, 164452289, 3]

                            [9220000, 164640277, 1]

                            [9230000, 164830151, 2]

                            [9240000, 165019523, 0]

                            [9250000, 165209753, 2]

                            [9260000, 165399799, 1]

                            [9270000, 165589423, 1]

                            [9280000, 165779431, 1]

                            [9282366, 165824447, 9]

                            [9290000, 165968969, 0]

                            [9300000, 166158637, 0]

                            [9310000, 166346417, 0]

                            [9320000, 166534253, 1]

                            [9330000, 166724209, 0]

                            [9340000, 166914491, 0]

                            [9350000, 167103019, 2]

                            [9360000, 167291569, 1]

                            [9370000, 167481311, 0]

                            [9380000, 167670091, 4]

                            [9390000, 167859919, 1]

                            [9400000, 168048733, 2]

                            [9410000, 168238513, 0]

                            [9420000, 168428003, 0]

                            [9430000, 168617387, 0]

                            [9440000, 168806117, 0]

                            [9450000, 168995987, 3]

                            [9460000, 169184261, 1]

                            [9470000, 169372909, 0]

                            [9480000, 169561387, 1]

                            [9490000, 169751737, 0]

                            [9500000, 169941221, 1]

                            [9510000, 170130091, 0]

                            [9520000, 170318917, 0]

                            [9530000, 170509243, 1]

                            [9540000, 170699479, 0]

                            [9550000, 170889067, 0]

                            [9560000, 171077971, 1]

                            [9570000, 171265807, 1]

                            [9580000, 171455351, 0]

                            [9590000, 171645919, 1]

                            [9600000, 171834293, 0]

                            [9610000, 172024681, 0]

                            [9620000, 172214213, 0]

                            [9630000, 172403051, 1]

                            [9640000, 172593101, 0]

                            [9650000, 172783463, 0]

                            [9660000, 172974037, 0]

                            [9670000, 173162603, 0]

                            [9680000, 173352239, 0]

                            [9690000, 173540579, 1]

                            [9700000, 173729849, 0]

                            [9710000, 173920651, 0]

                            [9720000, 174109723, 1]

                            [9730000, 174299771, 1]

                            [9740000, 174490691, 1]

                            [9750000, 174681977, 2]

                            [9760000, 174871679, 3]

                            [9770000, 175061057, 0]

                            [9780000, 175250401, 1]

                            [9790000, 175438253, 3]

                            [9800000, 175628471, 2]

                            [9810000, 175819421, 1]

                            [9820000, 176008139, 1]

                            [9830000, 176198213, 0]

                            [9840000, 176388253, 0]

                            [9850000, 176578009, 1]

                            [9860000, 176768327, 1]

                            [9870000, 176957219, 0]

                            [9880000, 177145723, 1]

                            [9890000, 177336377, 0]

                            [9900000, 177525767, 2]

                            [9910000, 177716449, 3]

                            [9920000, 177905489, 1]

                            [9930000, 178094387, 2]

                            [9940000, 178283639, 0]

                            [9950000, 178475771, 0]

                            [9960000, 178665763, 0]

                            [9970000, 178855349, 1]

                            [9980000, 179045369, 1]

                            [9990000, 179235107, 1]

                           [10000000, 179424673, 1]

                           [10010000, 179613971, 1]

                           [10020000, 179802979, 1]

                           [10030000, 179992363, 1]

                           [10040000, 180183013, 2]

                           [10050000, 180373477, 0]

                           [10060000, 180564499, 1]

                           [10070000, 180755821, 2]

                           [10080000, 180946841, 1]

                           [10090000, 181137067, 3]

                           [10100000, 181327577, 1]

                           [10110000, 181518703, 2]

                           [10120000, 181709399, 0]

                           [10130000, 181899517, 1]

                           [10140000, 182090119, 4]

                           [10150000, 182281097, 2]

                           [10160000, 182472347, 1]

                           [10170000, 182662427, 4]

                           [10180000, 182854843, 0]

                           [10190000, 183045587, 0]

                           [10200000, 183236563, 0]

                           [10210000, 183426179, 1]

                           [10220000, 183615191, 3]

                           [10230000, 183804869, 1]

                           [10240000, 183995281, 0]

                           [10250000, 184185851, 0]

                           [10260000, 184375229, 0]

                           [10270000, 184563527, 1]

                           [10280000, 184753189, 0]

                           [10280507, 184763053, 9]

                           [10290000, 184942469, 1]

                           [10300000, 185133821, 2]

                           [10310000, 185323081, 0]

                           [10320000, 185513717, 1]

                           [10330000, 185704643, 1]

                           [10340000, 185894749, 1]

                           [10350000, 186085477, 2]

                           [10360000, 186274997, 1]

                           [10370000, 186466477, 1]

                           [10380000, 186655951, 0]

                           [10390000, 186846637, 0]

                           [10400000, 187038013, 0]

                           [10410000, 187227457, 0]

                           [10420000, 187416311, 2]

                           [10430000, 187608427, 2]

                           [10440000, 187799197, 2]

                           [10450000, 187989121, 0]

                           [10460000, 188179009, 3]

                           [10470000, 188371213, 1]

                           [10480000, 188563339, 0]

                           [10490000, 188753759, 1]

                           [10500000, 188943803, 1]

                           [10510000, 189133111, 1]

                           [10520000, 189323311, 0]

                           [10530000, 189513967, 3]

                           [10540000, 189706459, 0]

                           [10550000, 189896227, 1]

                           [10560000, 190086263, 0]

                           [10570000, 190276673, 0]

                           [10580000, 190468307, 1]

                           [10590000, 190659181, 0]

                           [10600000, 190850567, 0]

                           [10610000, 191042081, 1]

                           [10620000, 191232773, 0]

                           [10630000, 191424329, 1]

                           [10640000, 191616781, 0]

                           [10650000, 191808277, 3]

                           [10660000, 191999453, 0]

                           [10670000, 192190309, 2]

                           [10680000, 192380047, 2]

                           [10690000, 192571747, 0]

                           [10700000, 192761039, 1]

                           [10710000, 192951523, 2]

                           [10720000, 193142119, 2]

                           [10730000, 193334201, 0]

                           [10740000, 193524029, 1]

                           [10750000, 193713427, 4]

                           [10760000, 193903799, 2]

                           [10770000, 194094149, 1]

                           [10780000, 194285737, 1]

                           [10790000, 194475041, 1]

                           [10800000, 194667071, 1]

                           [10810000, 194856931, 0]

                           [10820000, 195046087, 0]

                           [10830000, 195237067, 0]

                           [10840000, 195429743, 1]

                           [10850000, 195620617, 1]

                           [10860000, 195811829, 2]

                           [10870000, 196001989, 0]

                           [10880000, 196193891, 0]

                           [10890000, 196387181, 0]

                           [10900000, 196576753, 0]

                           [10910000, 196769423, 1]

                           [10920000, 196959407, 1]

                           [10930000, 197151481, 2]

                           [10940000, 197341211, 2]

                           [10950000, 197534119, 0]

                           [10960000, 197727151, 1]

                           [10970000, 197918431, 1]

                           [10980000, 198110233, 1]

                           [10990000, 198301751, 1]

                           [11000000, 198491317, 2]

                           [11010000, 198681313, 1]

                           [11020000, 198873859, 1]

                           [11030000, 199065613, 3]

                           [11040000, 199256801, 2]

                           [11050000, 199445639, 2]

                           [11060000, 199636951, 0]

                           [11070000, 199829647, 0]

                           [11080000, 200020141, 0]

                           [11090000, 200209489, 1]

                           [11100000, 200401979, 0]

                           [11110000, 200591387, 3]

                           [11120000, 200783707, 2]

                           [11130000, 200975767, 1]

                           [11140000, 201166159, 1]

                           [11150000, 201357551, 1]

                           [11160000, 201549571, 2]

                           [11170000, 201740041, 0]

                           [11180000, 201930763, 1]

                           [11190000, 202122467, 0]

                           [11200000, 202313623, 0]

                           [11210000, 202505441, 0]

                           [11220000, 202697191, 1]

                           [11230000, 202888363, 0]

                           [11240000, 203079859, 1]

                           [11250000, 203270923, 0]

                           [11260000, 203461333, 1]

                           [11270000, 203655107, 1]

                           [11272922, 203709617, 9]

                           [11280000, 203845193, 1]

                           [11290000, 204035383, 1]

                           [11300000, 204227449, 1]

                           [11310000, 204419323, 0]

                           [11320000, 204609577, 0]

                           [11330000, 204800723, 1]

                           [11340000, 204991483, 1]

                           [11350000, 205183541, 1]

                           [11360000, 205374551, 0]

                           [11370000, 205565999, 2]

                           [11380000, 205757927, 1]

                           [11390000, 205949599, 2]

                           [11400000, 206141381, 3]

                           [11410000, 206332207, 1]

                           [11420000, 206524327, 0]

                           [11430000, 206715997, 0]

                           [11440000, 206906093, 1]

                           [11450000, 207097607, 0]

                           [11460000, 207288703, 1]

                           [11470000, 207479473, 0]

                           [11480000, 207670717, 2]

                           [11490000, 207861869, 1]

                           [11500000, 208055039, 1]

                           [11510000, 208245379, 2]

                           [11520000, 208439239, 1]

                           [11530000, 208631173, 1]

                           [11540000, 208821511, 1]

                           [11550000, 209013823, 1]

                           [11560000, 209205649, 0]

                           [11570000, 209397379, 1]

                           [11580000, 209587949, 1]

                           [11590000, 209777489, 0]

                           [11599577, 209960287, 9]

                           [11600000, 209968637, 1]

                           [11610000, 210160889, 1]

                           [11620000, 210352621, 1]

                           [11630000, 210545977, 1]

                           [11640000, 210738247, 1]

                           [11650000, 210929879, 0]

                           [11660000, 211122277, 1]

                           [11670000, 211313129, 0]

                           [11680000, 211503161, 1]

                           [11690000, 211694993, 1]

                           [11700000, 211887451, 0]

                           [11710000, 212079167, 2]

                           [11720000, 212271937, 0]

                           [11730000, 212463821, 3]

                           [11740000, 212654867, 2]

                           [11750000, 212848193, 1]

                           [11760000, 213038069, 0]

                           [11770000, 213229993, 1]

                           [11780000, 213422323, 1]

                           [11790000, 213614567, 0]

                           [11800000, 213808381, 2]

                           [11810000, 213999559, 1]

                           [11820000, 214191521, 0]

                           [11830000, 214384267, 2]

                           [11840000, 214576213, 0]

                           [11850000, 214766137, 1]

                           [11860000, 214956409, 0]

                           [11870000, 215147077, 1]

                           [11880000, 215338237, 2]

                           [11890000, 215531177, 0]

                           [11900000, 215723329, 2]

                           [11910000, 215916101, 0]

                           [11920000, 216106543, 0]

                           [11930000, 216298483, 0]

                           [11940000, 216490667, 0]

                           [11950000, 216684071, 0]

                           [11960000, 216876917, 1]

                           [11970000, 217069273, 0]

                           [11980000, 217260451, 2]

                           [11990000, 217450949, 0]

                           [12000000, 217645177, 0]

                           [12010000, 217838347, 2]

                           [12020000, 218029753, 0]

                           [12030000, 218219851, 0]

                                uu := 10929.656


> quit;
memory used=1270954.9MB, alloc=1275.8MB, time=10929.73
